913090191699
916000325597
916000633757
916001158789
916002051670
916002243053
916002423909
916002561258
916003093489
916003189927
916003416143
916003443439
916005144732
916005388969
916005407928
916005644619
916005759651
916006040193
916006122744
916009656821
916009725257
916033134808
916200322549
916201319506
916201894471
916202584605
916203465602
916203489469
916203581427
916203588216
916203670653
916203747349
916204075009
916204081846
916204088979
916204227335
916204254930
916204511263
916204640058
916204701895
916205304477
916205719077
916205736185
916205761242
916205766147
916206007495
916206019803
916206212150
916206363329
916206429039
916206967179
916207467155
916207761497
916207810065
916209159493
916232657251
916232769723
916238483880
916238636787
916260071991
916260072446
916260084500
916260229597
916260609595
916260641497
916260727925
916261314557
916261651556
916261764173
916261785183
916261935671
916262759873
916263279045
916263388014
916263797727
916263995892
916264232470
916264236167
916264277445
916264423534
916264619726
916264621884
916264756699
916264808354
916265353397
916265419206
916265718737
916265844135
916265873538
916266521297
916267295844
916267632695
916267639624
916267828340
916268693450
916269142994
916280204807
916280449395
916281119172
916281366730
916281449984
916281622254
916281642513
916281747631
916281911993
916282608170
916282956713
916283420314
916283850511
916284154183
916284507671
916284818823
916287854704
916289012977
916289114961
916290438274
916290657702
916291184258
916291531147
916294261597
916294559720
916294785108
916295783298
916295896180
916296057965
916296329524
916296397773
916296561821
916296660535
916296708157
916297244842
916297681098
916299244315
916299293409
916299596056
916300183781
916300400819
916300489832
916300898621
916300990698
916301566957
916302092457
916302184961
916302217560
916302283802
916302368406
916302682077
916302861212
916303028685
916303064366
916303105385
916303426092
916303653911
916304506773
916304784970
916305082895
916305256438
916305463324
916305477382
916306011936
916306226506
916306444050
916306551866
916306869117
916306892473
916307179522
916307302931
916307440588
916309867950
916350054976
916350244579
916350245896
916350250092
916351406091
916352140291
916352285802
916352566062
916353216905
916353265798
916353477758
916353746760
916354346778
916354502352
916354593809
916354949196
916354998063
916355264534
916355436097
916355930808
916356261282
916356725979
916358759559
916359525029
916360029632
916360802316
916360834204
916360908218
916360967811
916361311101
916361490618
916362049004
916362143881
916362215233
916362481644
916362632826
916362682956
916363356372
916363532276
916363588949
916363661633
916363931772
916364046751
916364255539
916366157297
916367031301
916367042288
916367207511
916367897027
916367957053
916369260161
916369454300
916370507993
916370817421
916371244094
916371552725
916371656236
916371659049
916371866006
916372193380
916372658071
916374194494
916374391339
916374455175
916374929997
916375049938
916375066145
916375325190
916375341861
916375414796
916375492486
916375501656
916375691624
916375859848
916375873587
916376023825
916376241826
916376502106
916376503387
916376859388
916376961088
916377371149
916377603371
916377616779
916377644243
916378194522
916378331088
916378444274
916378602954
916378657746
916378887651
916379363310
916379484781
916379536310
916379677095
916379857583
916379996218
916380018316
916380304186
916380349836
916380503619
916380807455
916380956270
916381068902
916381137159
916381145658
916381295423
916381329056
916381366541
916381653194
916381757199
916381780477
916382479906
916382766525
916382789046
916383718192
916383995905
916385219033
916386227624
916386541743
916386690237
916386984304
916387147732
916387311143
916387883470
916387982736
916388195982
916388360136
916388454126
916388986019
916390854801
916391368172
916391531808
916392066634
916392127916
916392644056
916392776270
916392830010
916393155092
916393805275
916393975396
916394010459
916394287888
916394602670
916394625491
916394744956
916394896762
916395386673
916395511407
916395951720
916396184193
916396193010
916396202238
916397116371
916397200386
916397270151
916397432369
916397522875
916397718990
916397725014
916397909590
916397922461
916398053144
916398485342
916398513566
916398720859
916398924898
916399094396
916399406240
916900407589
916900728041
916909552525
916909736209
917000264304
917000345778
917000720982
917000896053
917001073175
917001109813
917001487517
917001540382
917001711377
917001747267
917001905249
917002299533
917002440958
917002495949
917002710331
917003364484
917003475912
917004084624
917004305773
917004577676
917004905671
917005520037
917005675973
917005928522
917006151583
917006237408
917006238349
917006343853
917006552019
917006601574
917006759395
917006904013
917006981263
917007124527
917007472464
917008048069
917008074663
917008545290
917008723236
917009051378
917010003531
917010028043
917010070716
917010478764
917011345261
917011705098
917011765090
917011796372
917012032712
917012054868
917012982414
917013114127
917013414324
917013458946
917013543793
917013592604
917013602475
917013649273
917013663681
917013876776
917013947675
917013975237
917014537892
917014835107
917014861738
917014880465
917014963273
917015167577
917015505399
917016142952
917016200882
917016234859
917016305870
917016862114
917016885372
917016922422
917017177374
917017178658
917017240930
917017689502
917017689889
917018290702
917018360047
917018529649
917018585241
917018868160
917019421089
917019819325
917019838244
917020001249
917020039983
917020229879
917020493388
917020522305
917020538405
917020630190
917020746583
917020884566
917020917190
917020939581
917021317724
917021441006
917021462450
917022057481
917022353375
917022430985
917022436892
917022635725
917022819503
917023407035
917023493197
917023696310
917024163125
917024386133
917025600055
917026128675
917026791111
917027203720
917027843558
917028715553
917028758171
917028989841
917029211765
917029666716
917029827902
917030210807
917030308690
917031899998
917032338123
917032434663
917032964788
917033652007
917033903215
917034341510
917034689291
917034739031
917034910606
917034980011
917036868777
917037925989
917038317754
917038733653
917039161825
917039208646
917039521818
917040244444
917041512158
917042089209
917042912779
917043620184
917043660822
917044200820
917044408871
917044470999
917044639558
917045238124
917045995581
917046919097
917047011492
917047655576
917048120152
917048191947
917052363438
917053547094
917053881373
917054535662
917055054486
917055254999
917055356926
917055548372
917055962590
917056275276
917057311061
917057412441
917059229099
917060347441
917060507422
917060594191
917060996745
917061285461
917061758892
917062460853
917063833706
917064719000
917065262028
917065717091
917065954621
917067878397
917068168382
917068344326
917070183861
917070888150
917073135755
917073340554
917073356094
917073538906
917073815231
917073823895
917075573245
917075650904
917075799308
917075882633
917078038336
917078209956
917078494870
917078541717
917079021921
917079281047
917080567924
917080605857
917080701467
917081032037
917081449935
917082142892
917082892145
917084201203
917084666633
917085121721
917085143049
917085507323
917085605649
917086264168
917086266534
917086355083
917086566684
917086777793
917087474065
917087836054
917087929508
917088292396
917088301496
917088709260
917090761219
917090803040
917092661607
917093155935
917093345597
917094018554
917094551963
917094687395
917095522668
917095627207
917095737351
917096751678
917096751722
917096820158
917097886418
917099554361
917099603392
917200079749
917200337885
917200701390
917200966065
917202094479
917202901611
917202976735
917204279874
917204539277
917204920114
917205442440
917205738805
917205793431
917206002636
917206238299
917206257910
917206281845
917206601016
917207249586
917207272054
917207408279
917207505990
917207706282
917208156994
917208350405
917208574815
917208638094
917210003517
917210041195
917210830773
917210894681
917211142226
917211159480
917217478365
917217673943
917218498338
917219505055
917219506023
917223887445
917223971458
917224968155
917231036968
917239899483
917239957322
917240088141
917240264815
917240488129
917240955348
917241129550
917248109326
917248729797
917249165258
917249462794
917250731800
917250973226
917252858700
917254936529
917256062544
917257084997
917257092198
917259340691
917259416106
917259453349
917259568237
917261090018
917261902198
917263945421
917264953305
917267851337
917275424834
917275540397
917275833864
917276524969
917276693207
917277966062
917278123143
917279091910
917282934742
917284960274
917285996245
917286839516
917286983174
917287095295
917287878227
917287978498
917288073361
917291006569
917293488498
917297048242
917297832623
917297934326
917300279876
917300303818
917300323649
917300340093
917301326715
917302554451
917304150114
917304181957
917305148547
917305212585
917305276252
917306071528
917306908483
917307331184
917307479755
917307926284
917309235045
917310895931
917310936966
917311157404
917317319948
917317715594
917318905837
917318979764
917330919959
917337710703
917338016627
917338051751
917338424935
917338766789
917338830107
917338929943
917340288058
917340409449
917340945899
917347601765
917347796650
917349402633
917349484119
917350708176
917352832516
917353643511
917354555948
917354687367
917355426819
917355793640
917356249934
917357176983
917357557110
917357564747
917357623531
917357832112
917358485005
917358747071
917358942775
917359120721
917359541691
917366932026
917367043701
917373576007
917373701580
917373867033
917373891717
917378686709
917378789833
917379213879
917380683099
917381516969
917381720784
917382009935
917383197307
917383828686
917384243337
917385286329
917385286499
917385706666
917386015666
917386877523
917386930848
917386983143
917387067074
917387550070
917387784368
917389040666
917389200483
917390034949
917390833201
917390896682
917395977329
917396030420
917396040959
917396045555
917396161343
917396303785
917396533772
917396622074
917397443303
917400052058
917400233988
917400337163
917402573205
917404140740
917404340494
917404462880
917406609051
917406700062
917407207836
917407469986
917409244469
917410013794
917410528559
917410772913
917411128936
917411533803
917411651265
917411984475
917414003560
917415245036
917415754893
917416240664
917416332754
917416856296
917417344025
917417507088
917418236414
917418899118
917419196645
917420979642
917426045570
917426052266
917427921465
917428027479
917428030508
917428199298
917432811114
917433008950
917434037231
917435035777
917439552566
917439576921
917439704050
917439738498
917440654242
917447306232
917448134474
917448448080
917451041685
917451090000
917453845353
917454899796
917455984206
917455995255
917456967026
917457843397
917457845898
917459008996
917460005682
917461068455
917461808022
917464950650
917469893122
917470330425
917470399130
917470434988
917478083707
917478356432
917479944325
917483064072
917483347988
917483756763
917483805354
917487916046
917488145455
917488204245
917488429965
917488670912
917488770413
917488843189
917489096209
917489214246
917489384084
917489845941
917490063552
917492085960
917498228959
917498303352
917498383898
917498556495
917499096236
917499465730
917499869067
917500004579
917500108036
917500125098
917500634778
917500799298
917501208813
917501456714
917503174530
917503298083
917503331828
917503806847
917506054645
917506803395
917506917675
917507234813
917507528754
917507723712
917508832146
917509882883
917510456948
917510715828
917510861974
917517004191
917517745392
917517787161
917520409311
917521959983
917523902307
917526843518
917536056143
917544936341
917547811648
917548937792
917557221093
917559091232
917559911941
917560858332
917560872925
917565096339
917565926035
917565964937
917567363537
917567399024
917567477187
917567588372
917569347182
917569558763
917569605163
917569609228
917569741746
917570871623
917572991552
917573049737
917575813554
917583050842
917585037223
917588970331
917592073245
917593964527
917594998234
917598454970
917598801680
917599122348
917599463016
917599990284
917600763904
917600786430
917602715259
917603892575
917604869253
917604879409
917604904114
917607522388
917607886783
917607905842
917608820678
917608936449
917611137886
917617414891
917617454209
917618271154
917619152667
917620003888
917620532968
917620617673
917620655927
917620712533
917620805381
917620866797
917622032911
917623834948
917623859066
917624971260
917626855078
917629883152
917631257601
917631407274
917633068181
917633961441
917634086294
917636922530
917638014107
917639981072
917645910756
917645967550
917651929052
917652856433
917654415106
917654579120
917658934920
917661939090
917665008611
917665019998
917665165633
917665506493
917666211242
917666332654
917666970714
917667583136
917667837126
917667879488
917667993797
917668639740
917668676961
917668810520
917669319017
917669791196
917674886024
917676163205
917676313030
917676459070
917676626987
917676663600
917676985935
917678594670
917679153744
917679654882
917679873843
917680000258
917684962232
917685862007
917686087287
917689074672
917690941549
917692059894
917693011714
917693938776
917694847371
917695980025
917697821237
917698135113
917698367256
917698555453
917698645489
917699101704
917701801045
917701875012
917701911280
917702218785
917702526094
917702624622
917702846030
917702977117
917702999021
917703903587
917706048151
917708050689
917708256446
917708322454
917708403773
917708735331
917709257350
917709381001
917709480430
917709696035
917709745799
917710020991
917710839083
917715023722
917715972366
917717421782
917717529065
917717699429
917718275395
917718309207
917719750003
917719917839
917723869582
917725935370
917726058524
917727883501
917728061079
917728866579
917728873966
917729062569
917733952059
917734879077
917735313403
917735400619
917736757037
917736829881
917736921083
917737006498
917737266797
917737340890
917738961876
917739156334
917739163478
917739540322
917739858680
917741033690
917741847602
917742178594
917742987944
917743939928
917745868950
917748006175
917748037832
917751877889
917752029859
917753049134
917755009651
917756018446
917756040450
917757074169
917757939845
917758029636
917758036812
917758068154
917758956448
917760007791
917760176840
917760859422
917761814646
917764026754
917767833114
917767921346
917770052836
917770088895
917774020168
917774021129
917774074816
917774862073
917774952220
917775802255
917775976628
917776031848
917776041513
917776964783
917777971483
917778969692
917779883565
917780213743
917780303977
917780344027
917780434194
917780449155
917780458674
917780675612
917780754278
917780906234
917780913286
917780927750
917780936130
917780950548
917786999965
917789822834
917795457605
917795585270
917796524404
917797302781
917797880887
917798379291
917798903612
917799001990
917799008409
917799336905
917799443486
917799880881
917800561512
917800599572
917803068614
917803997895
917804803732
917805041658
917806907155
917806983941
917807547702
917811941165
917814125488
917814213464
917814872628
917818833989
917819998702
917820096239
917820909696
917822978801
917823066772
917823069064
917827241176
917827325200
917827404659
917827721017
917827781403
917828015747
917828404255
917829692746
917830114471
917830384897
917830390843
917834952604
917835824554
917835903516
917836841718
917837254615
917837702033
917837875562
917838451835
917838743937
917838780050
917841007389
917849061521
917850075983
917851050669
917852872356
917853957004
917853983651
917854010509
917854804407
917855018325
917861003000
917863091331
917863879055
917864001429
917868900388
917869425316
917869818840
917870183048
917870298454
917872676166
917872944401
917873015845
917873763511
917874011541
917874083361
917874381479
917874526440
917874833593
917875485605
917876017740
917876071009
917876431247
917876688030
917877171923
917877224180
917877260383
917877512954
917877609521
917877696592
917877917495
917878507086
917878749698
917878774048
917878854254
917879885664
917879973157
917880125884
917880567767
917887237258
917887801530
917888034592
917888209920
917888267422
917888542068
917889432824
917889452604
917889488741
917889511035
917890957558
917891044565
917891127743
917891226307
917891629461
917891675237
917891727714
917892047076
917892120538
917892223112
917892406613
917892447712
917893184707
917893586146
917893654052
917893756028
917893842392
917894617482
917895092691
917895858955
917896207397
917896395118
917897216350
917897252827
917897711148
917898761949
917899320431
917899434257
917899914444
917901000795
917902395885
917902495375
917902647072
917902833732
917903204688
917903370991
917903375301
917904123553
917904551231
917904828950
917904840334
917904916001
917904922946
917905152747
917905919723
917906227640
917906390422
917906823958
917907372104
917908748406
917909077150
917909100897
917909115403
917909198395
917909235157
917970058226
917972130659
917972700408
917974000345
917974515349
917974620340
917974802370
917975324866
917975329415
917975443002
917975663714
917975877844
917975883324
917976112890
917976304025
917976923881
917976937706
917977748963
917977885043
917977950870
917978194571
917978730790
917978833410
917978921813
917978957412
917979024651
917979824116
917979882711
917979964105
917980077564
917980077852
917980605508
917981559695
917981610278
917981883825
917982181860
917982414262
917982418988
917982614475
917983478532
917983710026
917984298931
917984348538
917984455331
917984590742
917984601609
917984725935
917984834589
917985015967
917985225431
917986296067
917986394070
917986566360
917987113845
917987344425
917987386236
917987938518
917988254398
917988481316
917989286525
917989601606
917989733599
917990076114
917990415176
917993134026
917993887786
917993984825
917994992013
917995223369
917995238619
917995497366
917995940619
917996112438
917997059791
917997502040
917997535535
917999061911
917999658157
917999758287
917999857407
917999915379
917999963176
918000027794
918000046745
918000056542
918000507032
918000628460
918001870421
918002053833
918002439206
918002885901
918002962729
918003430240
918003500360
918003581617
918004570435
918004900180
918004909000
918005594250
918005686727
918005733205
918005876825
918006091076
918006168242
918007188529
918007203174
918008371993
918008828964
918008903819
918009049506
918009599196
918010407791
918010503424
918010978192
918011247028
918011365183
918011704232
918013443365
918016043264
918016061797
918016229951
918016774535
918017384876
918018711561
918019145179
918019501706
918019660608
918019665264
918050225849
918050716429
918050760605
918050855501
918050906032
918052381699
918053532448
918054840621
918055064812
918055220611
918055961133
918055967751
918056278258
918056284649
918056331014
918056612749
918056908298
918058124238
918058415561
918058457073
918058797678
918058808013
918058819929
918059153651
918059254768
918059734403
918070432152
918072064278
918072084206
918072503275
918072664071
918072708496
918072744104
918072908077
918073027030
918073146386
918073514648
918073848977
918074113096
918074428117
918074444938
918074638431
918075154691
918075226599
918075790168
918076349667
918076359714
918076384999
918076882663
918077053486
918077121799
918077128956
918077147947
918077267201
918077368049
918077414570
918077553548
918077588542
918077683685
918077983284
918080038160
918080113524
918080560785
918080632110
918081335353
918081491947
918081811032
918082037656
918082491556
918082700745
918084034431
918084583523
918084671530
918085041358
918085526103
918085753414
918086349512
918087827474
918087835512
918088379746
918088637665
918088773322
918089258491
918089442377
918089451185
918090022527
918090327720
918090465270
918090538926
918091169162
918094363206
918094654521
918094873030
918095788792
918095954939
918096166669
918096223434
918096430058
918096444437
918096540653
918096710532
918097651981
918098546561
918098879227
918099018501
918099090857
918099327237
918099335268
918099583401
918099809947
918099978749
918100121866
918100168650
918100603765
918100625571
918101099106
918101106243
918101120766
918101164733
918101294936
918101372232
918102284972
918102749368
918102869354
918103260546
918103280636
918103774334
918103822046
918104174297
918104493759
918104888144
918105102016
918105147123
918105995349
918106357424
918106453257
918106465702
918106861065
918106906680
918107209983
918107287047
918108057462
918108241582
918108401294
918108824455
918108886633
918108962337
918109137804
918109170122
918109408152
918110016653
918112352332
918115011424
918116516273
918116711441
918120371915
918121189993
918121243117
918121474785
918122253819
918123360770
918123541608
918123605004
918123923070
918124653549
918125429848
918125659262
918126285082
918126535856
918127300676
918127695360
918128094626
918128099209
918128278180
918128380728
918128736970
918128781358
918129376080
918130781407
918134850186
918136832075
918137073576
918140087037
918140326731
918140333478
918140953269
918140970694
918141307581
918141308004
918141478818
918141497364
918141526888
918144201728
918144682241
918145114022
918145866255
918146011699
918146100050
918146345607
918146815560
918147240803
918147419327
918148782009
918149325984
918149768220
918152031959
918152919966
918153847712
918156887040
918157906361
918157929610
918158887235
918160042571
918160133517
918160184128
918160491339
918167047685
918167279658
918167503332
918168178510
918168199730
918168225190
918168341569
918168565969
918168853627
918171237692
918171861812
918171882306
918171942758
918175886076
918175981017
918178221699
918178516989
918178710268
918178844015
918179266335
918179282376
918179576657
918182010991
918184997904
918186911977
918186918153
918187005959
918188888834
918195052633
918195867347
918197067630
918197197364
918197972142
918199063454
918200082394
918200091397
918200253662
918200647072
918200946732
918207050023
918207418917
918208129211
918208594176
918209496130
918210166711
918210212131
918210232800
918210428551
918210534815
918210922164
918217225928
918217607695
918217641255
918218051670
918218265084
918218692049
918218741656
918218996123
918219729284
918220187342
918220284524
918220671381
918222000940
918223060450
918223925326
918224859678
918225885178
918226061103
918233194001
918235187390
918235797065
918235875528
918237897042
918238714338
918239030565
918239420629
918239734281
918239751896
918240095366
918240500986
918240506755
918247052051
918247587949
918247683123
918247826796
918248121752
918248391270
918248444029
918248524296
918248616944
918248638225
918248756958
918248790121
918248811073
918248912795
918249096546
918249367235
918249465763
918249503114
918249627383
918249649304
918249992774
918250260456
918250355008
918250578955
918250767355
918252824575
918260586420
918261979266
918264331240
918264415005
918269259495
918270057389
918270765095
918271312919
918271558019
918273212905
918273798874
918273956307
918275337114
918276011944
918276087325
918279359083
918279521894
918279718926
918279781695
918279793366
918280106986
918281592810
918281742015
918281909435
918287488837
918287771308
918287831020
918287889961
918289075054
918290255431
918291348339
918291613259
918294160658
918294732614
918295561852
918295757442
918295852916
918296100726
918296151209
918296777328
918297571936
918297661575
918298571750
918298919256
918299192991
918299627011
918299736025
918300194958
918302084147
918302413394
918302600149
918302629074
918302752533
918302858979
918303067171
918303180486
918303187353
918303644765
918304042947
918305320537
918305326442
918306277952
918306899560
918307089987
918307242171
918307280352
918307904563
918307939099
918308273274
918308361737
918308642930
918308748555
918309008001
918309217849
918309658918
918309794042
918309943885
918310438937
918310765377
918310775993
918310940856
918317368997
918317688863
918318287370
918319354073
918319596567
918320141625
918320766002
918320892538
918327738249
918328084459
918328179599
918328432126
918328450523
918328796715
918329024094
918329556367
918329790518
918331003193
918333824338
918334071635
918334825557
918334848871
918335030961
918338052485
918340223944
918340698873
918340771733
918340782836
918340915636
918341459167
918341566713
918343835070
918347077067
918348195184
918348489982
918349394647
918349535151
918355954295
918356093836
918359916251
918360037810
918360330735
918368037897
918368049682
918368338503
918368439132
918368544977
918368644254
918368667350
918369335710
918369336056
918369479044
918369689737
918369708886
918369778584
918369998081
918371058729
918374026776
918374142995
918374268175
918374477827
918374675702
918383986756
918384014755
918385896689
918385996048
918388819785
918390169817
918390171633
918390424038
918390447519
918390491602
918390595793
918393808843
918395907692
918395951275
918396986120
918398066265
918398837295
918401114295
918409396145
918409768958
918409839318
918419874388
918419898501
918420223748
918420435457
918420940126
918421357914
918421375718
918421734050
918423218557
918423279000
918425061046
918425891943
918425967718
918427632709
918427875519
918427946692
918428760436
918429180480
918429579098
918429748423
918429858195
918431015997
918431320406
918432075272
918432125092
918433208870
918433229013
918433458321
918433819216
918434209655
918434671008
918436001297
918437067550
918437710833
918437870146
918438674103
918439123002
918439306698
918441823729
918441861368
918445241988
918445271616
918445713837
918445747868
918446461608
918447221242
918447513818
918447559170
918447641409
918448909906
918449213380
918449519598
918450932236
918451078216
918451855708
918452830532
918454044772
918454074529
918454815220
918456041175
918458846240
918459211026
918459327801
918459588955
918460476116
918461062437
918461909086
918468031393
918468041886
918469498193
918472069356
918474037911
918477992104
918478098553
918483962997
918484840120
918484849601
918485895010
918485923335
918489052262
918489342664
918493804077
918493971958
918494812350
918495921703
918496091196
918497073383
918498045057
918499031732
918499822993
918500054319
918500489173
918500840098
918501076308
918501850750
918502068901
918502946386
918503007205
918505805724
918508883848
918508955668
918509384057
918509661515
918510941837
918510994224
918511019122
918511049678
918511408777
918511691749
918511900262
918511996558
918515846843
918517888107
918519042759
918521181925
918521453327
918521491065
918522900713
918524960075
918526132471
918526199990
918526262727
918526716509
918527169787
918527666078
918527801236
918528393009
918528448343
918529165623
918529348571
918530191323
918530820226
918530827694
918534977205
918536834261
918537019068
918537857746
918538805957
918539881321
918539930771
918539963774
918540093475
918553374571
918553788037
918554929397
918555960430
918558993685
918559972816
918561088319
918562007232
918562084026
918570055744
918570959457
918571843307
918572872433
918573084997
918577811029
918581834407
918586074109
918586909941
918586937006
918587968783
918588078199
918590037045
918591194135
918594015469
918595765315
918595904245
918598976171
918600847801
918600893501
918601142498
918601228510
918601590940
918602093029
918603035802
918603238309
918605158743
918607092751
918608831842
918609611506
918609875410
918610237846
918610243464
918610276538
918610615670
918610825318
918610837060
918610855827
918617204052
918618527006
918619183669
918619205799
918622049122
918623019536
918624951307
918625027581
918625920995
918625985579
918626905700
918628077118
918629013060
918630029512
918630366754
918630781022
918637005440
918637423819
918637454912
918637622120
918638124167
918638441937
918638485509
918638564732
918638577351
918638832690
918639540669
918639897243
918643007930
918643010501
918650101228
918650111188
918650714705
918652218788
918652381971
918652604007
918652670046
918652753665
918653165810
918653650276
918655110691
918655517535
918658389535
918658554147
918658661585
918660262380
918660815744
918667227165
918668486500
918670353488
918670699125
918680942431
918682893705
918683861442
918683910666
918684043110
918684856682
918685860065
918686594828
918686873872
918688059814
918689863643
918690054817
918690332680
918690559037
918691826445
918692074367
918692831711
918692940103
918695403755
918697030175
918697236673
918698254832
918698391962
918698549123
918698910611
918699084852
918699557555
918699948380
918700537809
918707011398
918707209553
918707498659
918707792308
918708201633
918708277629
918708797758
918709000823
918709150075
918709162769
918709188698
918709215438
918709346156
918709400513
918709540896
918709640297
918709855727
918722070927
918722657865
918722706664
918722791964
918729057458
918732922256
918732984117
918733091345
918734007892
918734919287
918736877881
918737984630
918740957857
918741078111
918742040500
918744843104
918745935955
918746036032
918750214417
918750430705
918750781295
918750911801
918754049388
918754831304
918755169184
918755170624
918756190614
918756459174
918756654014
918757696926
918757764500
918758293283
918758646718
918758781400
918759464298
918762160299
918765251875
918766067151
918766299613
918767562006
918767798108
918768007279
918768081163
918769383883
918769534671
918769912360
918770092871
918770300765
918777250228
918777258379
918777636702
918778286079
918778854346
918779188517
918779211519
918779670146
918780419627
918780875535
918780876482
918780877427
918787018224
918787283375
918787671193
918788517585
918788565604
918788667327
918788700746
918789012179
918789560016
918789565482
918789962362
918790190915
918790701843
918790846770
918791415928
918792741115
918795293269
918796719040
918797610515
918799449268
918799869831
918800220555
918800533546
918800704457
918800943834
918800983600
918802289812
918802446142
918804981889
918805391313
918805815455
918805927076
918805979424
918806042654
918806057707
918807158535
918808529124
918809062985
918809418786
918809920268
918810655651
918810830351
918813958434
918815114137
918815285770
918817304802
918817632020
918820515207
918821998077
918822009640
918822696694
918822715092
918824034805
918824388826
918824530889
918824571417
918824621413
918825870502
918826175088
918826190976
918826346376
918826382562
918826494476
918826645011
918826925570
918826948795
918827171635
918827603678
918829823854
918830031958
918830178327
918830253610
918837579552
918839123496
918839223830
918839650940
918839744856
918839934409
918840279203
918840442131
918840541230
918840963363
918847463990
918847509328
918847862691
918848076710
918848307045
918848592922
918848801538
918849210749
918849406391
918849633343
918849703742
918849704476
918851172973
918851414836
918851488409
918851577284
918851669771
918851684193
918852837399
918856006972
918857071471
918857944338
918858273979
918858586088
918858622223
918860157424
918860275983
918860401355
918860705167
918860882471
918860995936
918861724268
918863809157
918865020323
918865913614
918865918949
918866030891
918866491272
918866642014
918866775123
918866822239
918866999590
918867334346
918867338859
918867661996
918867675263
918867931796
918869877117
918869971063
918870400755
918870601573
918870666445
918870707949
918870840835
918871540429
918872170526
918872193895
918872300137
918872700522
918872707303
918873058047
918873088571
918873888330
918874328757
918875112780
918875566661
918876537747
918878136504
918878834015
918879047538
918879420345
918879763893
918879820959
918882127734
918882297440
918882404013
918882553818
918883346294
918884083632
918884914062
918884957937
918885137384
918885456146
918886304252
918887845306
918888209681
918888542293
918888646153
918888772022
918889600087
918890142964
918890152447
918890356514
918890619097
918890851202
918890986191
918891702878
918897370817
918897398259
918897598540
918897824257
918897928876
918897958517
918898718140
918898819986
918903177902
918904560391
918904753983
918905080879
918905673556
918905864260
918906005629
918906012218
918906925188
918907857639
918910082822
918910921308
918918657673
918919009079
918919120294
918919238098
918919595628
918919634200
918919687356
918919932408
918920031424
918920410180
918920939488
918921058162
918921087586
918921300433
918921373674
918921475705
918921582511
918922852787
918923111925
918923147560
918923371528
918926294177
918927658707
918928428105
918928720311
918928984762
918929204153
918929241427
918929377501
918929407321
918929985592
918930097840
918930117062
918930193817
918930361936
918930400606
918930459535
918934076330
918934846457
918936024405
918939438385
918940430999
918942006396
918942895321
918943070883
918945908171
918947879099
918948855121
918949092178
918949394986
918949561905
918949707517
918949733956
918950030267
918950255943
918950281277
918951230103
918951260769
918951413515
918951471254
918951963235
918953586053
918953641052
918953960615
918954529066
918954730568
918955278295
918955306996
918955539676
918955727857
918955819828
918956162700
918956459811
918956552621
918957967033
918958151236
918958357149
918958725252
918958742004
918959587531
918959735835
918960690759
918960879290
918961621488
918961723596
918961805571
918962101643
918963874729
918967488688
918967714218
918967979299
918968583154
918968679271
918969293480
918969398793
918969856795
918969869865
918971274204
918971401523
918971727782
918972185113
918972665097
918976284403
918976623242
918977223256
918977441266
918977586858
918977648455
918978306195
918978430723
918978699247
918978707378
918979048171
918979322691
918979403308
918979996667
918980007776
918980018870
918980069099
918980704397
918981274960
918982116281
918983098885
918983189434
918984704923
918984784652
918986223496
918986813663
918989978029
918999297760
918999404224
918999626961
918999724151
918999832030
919000010607
919000039070
919000095442
919000259919
919000293225
919000294490
919000389366
919000433182
919000447296
919000786841
919000974800
919001344752
919001555744
919001569070
919001792009
919002190138
919003303535
919003399831
919003434465
919003603198
919003754050
919003950960
919004040836
919004368496
919004589107
919004672303
919005004651
919005262504
919005505361
919006047384
919006714087
919008077013
919008133029
919008410047
919008618466
919009064074
919009251891
919009278953
919009303450
919009333690
919009396292
919009525075
919009990041
919010005542
919010008782
919010525468
919010582388
919010617120
919010671957
919011325932
919011473107
919011642317
919014058182
919014255719
919014398358
919014453596
919014688962
919014771326
919014783563
919014866852
919014929307
919014954065
919015071227
919015240311
919016243611
919016474944
919016754908
919016957505
919019570770
919019606941
919019962790
919021063733
919021202689
919021361419
919021416315
919021484843
919021500527
919021511710
919021633729
919021938782
919022431530
919022438403
919022552979
919022586989
919022650949
919022679118
919023104196
919023269422
919023624210
919023706852
919024080970
919024349395
919024391790
919024498889
919024665334
919024693236
919024754717
919024857422
919024952545
919024980603
919025062884
919025086776
919025118728
919025210820
919025300485
919025569284
919025697059
919026223974
919026805019
919027191916
919027713348
919028373655
919028707064
919028795999
919028860725
919029301375
919029447746
919030045811
919030173535
919030789503
919031153521
919032201380
919032270893
919032807845
919032904581
919033337916
919033455504
919033790912
919034960366
919035241668
919035321255
919035526436
919035804518
919037445525
919039170030
919039507032
919039568011
919039773046
919039784307
919040149991
919040790527
919041707603
919041839114
919042824982
919042883336
919043435263
919043597994
919044069044
919044424237
919044496223
919045225269
919045324100
919045610159
919045652442
919045853580
919045890889
919045908573
919046699112
919047352819
919047533593
919048543421
919049290984
919049665732
919049675052
919050316569
919050544992
919051399917
919051682593
919052591828
919052957045
919053310263
919053404050
919053618054
919053893360
919056280467
919056309938
919056928371
919057060820
919057153985
919057240382
919057302221
919057569943
919058196365
919058661786
919058768888
919059639295
919059710017
919060186923
919060569024
919060744055
919060796195
919060877448
919061323230
919061567746
919061598791
919061636632
919061717013
919063141363
919063209953
919063764239
919063842904
919064125871
919064700598
919064951427
919065706757
919066731118
919068535556
919068628076
919069237944
919072550478
919074599699
919074963443
919075670003
919075757529
919076131498
919076221356
919076667344
919078244546
919079082660
919079153340
919079275351
919079695639
919079950316
919080556212
919080801213
919080907246
919081150503
919081208144
919081275659
919081617346
919082161817
919082181774
919082204808
919082653332
919082993734
919083511770
919083707446
919083712874
919083857879
919084154608
919084263900
919084559094
919086130009
919088631694
919088868193
919090002056
919090575134
919092098489
919092222369
919092592948
919093267147
919093275501
919093578366
919093642892
919096100241
919096462933
919096518759
919096818127
919096826462
919096882605
919096912511
919096919555
919097413675
919097923933
919098055391
919098320132
919098434170
919098651364
919098865975
919099154223
919099160213
919099667092
919099725612
919099950778
919100448440
919101241687
919101397994
919101424967
919101746224
919101771801
919101856015
919102536149
919102906767
919103345352
919104225399
919104560445
919104985802
919105707805
919105755557
919106038223
919106241649
919106818725
919108038857
919110151535
919110275201
919110298365
919110717527
919110875349
919111133750
919111211686
919111474475
919111610202
919111895855
919112017407
919112209090
919113002262
919113031078
919113177053
919113184706
919113582149
919113998018
919116518722
919118373422
919118419413
919118794855
919119049811
919119175043
919119210534
919119291727
919119307371
919119311168
919119454119
919119689118
919121315920
919121374573
919121493166
919121692353
919122307721
919122534262
919123025320
919123343272
919123583426
919123999176
919124518155
919125356089
919125373572
919125475647
919126567154
919128994047
919129704098
919130144957
919130295696
919130476407
919130485952
919130582394
919131266383
919131503327
919131560121
919131567311
919131605905
919131644765
919131737627
919131915151
919131934828
919133143795
919133401330
919133531536
919133580153
919133781920
919133882609
919134635385
919135751414
919136317039
919136432171
919136500853
919136617151
919137129688
919137904722
919138507760
919140163017
919140856120
919142056302
919142168860
919142360068
919142641524
919142835799
919143311006
919145158183
919145727113
919145745721
919146108902
919146147565
919146212383
919146342380
919146739865
919146960646
919148332230
919148883485
919148910598
919149029426
919149392833
919149810310
919150576273
919150739827
919152538474
919153148759
919153298027
919154390414
919154776661
919155027386
919156192840
919156334119
919156477764
919157560290
919157937254
919158153317
919158950916
919159490840
919159899303
919160188314
919160680900
919161676281
919161747936
919162402829
919162460443
919163002205
919163492346
919163619530
919164115415
919164423007
919164493674
919164681276
919165605716
919165984141
919166085849
919166417510
919166633909
919166932594
919167314676
919167531777
919168150399
919169043488
919169708946
919170822635
919171618908
919172220336
919172532506
919172648046
919172975899
919173602682
919173931799
919174646593
919175083124
919175393577
919176491010
919177163111
919177365068
919177749913
919178014154
919178018360
919178034980
919179672729
919179996699
919182364895
919182429276
919182594585
919182831363
919182862443
919182882320
919193242415
919193506770
919198124288
919198133992
919198140274
919198273021
919199348909
919199437684
919199553925
919201727307
919204643321
919205196766
919205531476
919205533269
919205602587
919206647133
919207466263
919207682630
919209026663
919209356571
919213826952
919214333532
919214410879
919214463315
919216956699
919219207041
919219596283
919219628925
919219697510
919220198854
919220379349
919220996208
919224572284
919224716257
919225919050
919226061969
919227700338
919228188184
919229390923
919229632615
919233182737
919234261629
919236073702
919236096153
919237396985
919238152035
919241855762
919244038495
919244613384
919250103773
919250494308
919250521649
919253167995
919256460188
919257363110
919258064335
919258531089
919258675891
919258955487
919259009224
919259112048
919259661604
919259878117
919261151175
919262677059
919263057939
919263088984
919263111877
919264961669
919265040455
919265283002
919265477932
919265650157
919266548432
919269170165
919276810001
919279845450
919284102465
919284190611
919284573493
919284701556
919284806058
919284811692
919284983602
919286309601
919286455631
919287563965
919290576553
919290746440
919291234164
919294766464
919298100484
919299409916
919300742883
919301351878
919301480409
919301620891
919301940949
919301957309
919302212888
919302294319
919302323166
919302580930
919302675142
919302912326
919303364553
919304187736
919304255782
919304333755
919304594564
919304902511
919305562301
919305723872
919305837881
919305851825
919306047145
919306084684
919307091053
919307178464
919307315537
919307908356
919308062112
919309155153
919309706326
919309991579
919310525942
919310645913
919310929255
919311448372
919313057971
919313380392
919313492095
919313639325
919313656373
919313661761
919313747310
919313793022
919314382714
919314420014
919315058717
919315109981
919315113401
919316072819
919316163399
919316526914
919316536374
919316577917
919319385825
919320555313
919321045093
919321573163
919322141472
919322209834
919322397812
919322963167
919324062023
919324287610
919324356274
919325058586
919325870226
919326858389
919327019098
919327076772
919327235032
919327426760
919327508454
919328187646
919328328528
919328561682
919328602648
919328681720
919328701012
919328834059
919329142018
919329302839
919329671262
919330165609
919330338191
919330488227
919333126455
919334305074
919334847088
919335107228
919335436455
919335664382
919335846044
919336674677
919336707930
919337068842
919337129826
919337386401
919337813423
919339857151
919340192318
919340500800
919340706747
919340787459
919340823532
919341150858
919341687295
919342837728
919343215558
919343313338
919343322125
919343479985
919344426411
919344526882
919344875746
919346019095
919346066339
919346419175
919346442484
919346487201
919346622912
919346688445
919347404345
919348084930
919348400720
919348825002
919350057988
919350090103
919350173027
919350431443
919350436841
919350436967
919350543569
919350604231
919350657805
919350752140
919350892018
919351009217
919351552862
919352137644
919352383767
919352503076
919352788760
919352960548
919353481185
919353673170
919353882955
919353967371
919354302892
919355744432
919356402902
919356688724
919357775551
919358250661
919358944672
919359004886
919359426188
919359440560
919359558123
919359770861
919360035435
919360352399
919361153497
919361579785
919361815042
919361874645
919361884142
919361931967
919365437753
919365523527
919365818375
919366107119
919366286328
919366540391
919368235944
919368250295
919368439338
919369346397
919370009449
919370978201
919372176972
919372207917
919372820305
919373247151
919373535789
919373549201
919373845073
919376511712
919376939443
919377240389
919378068283
919380240040
919380999595
919381223293
919381237086
919381244218
919381537723
919382078099
919382246817
919382254863
919382836610
919383135728
919384127933
919384197240
919384392383
919387036189
919387756226
919389167184
919389435312
919389686865
919389741281
919390001957
919390053270
919390156240
919390350695
919390387789
919390471705
919390472912
919390558094
919390691148
919390768063
919390899607
919391090284
919391313782
919391431550
919392257288
919392308362
919392515377
919392581375
919392638472
919394268578
919394592784
919395098207
919398073653
919398415919
919398647039
919398662043
919398815748
919398868706
919398898523
919398938759
919399471057
919399557669
919399732949
919399987881
919400516529
919400757212
919401304305
919403274778
919404193073
919404467326
919404595090
919405552220
919406918705
919407858301
919409432661
919409470223
919413677776
919413843777
919414451826
919414506000
919414786576
919414843786
919415278950
919415332074
919415489200
919416247320
919416630591
919417020376
919417106586
919417496110
919417647534
919418323463
919419470069
919420388973
919421384144
919421828773
919422957115
919423290099
919424690284
919424818687
919425719490
919425980055
919426284446
919426529189
919427383304
919427503417
919428852852
919429224811
919429423832
919430358445
919430476554
919430656074
919431418096
919432138485
919434429579
919435233761
919437011042
919437335821
919437372457
919437520941
919438409124
919438440291
919438537298
919440436890
919440574267
919441431262
919441551580
919441881190
919441891315
919441942617
919443447295
919446256690
919447728096
919448694525
919449229691
919450329064
919451038750
919451484463
919452680176
919454878802
919455060009
919455602140
919455901725
919456914400
919457804357
919458332733
919460106334
919460531115
919460655987
919461263629
919461728210
919462149453
919464756697
919465038193
919465239399
919465362776
919465787936
919466339386
919466368420
919467301085
919467333389
919468111982
919468657799
919468826717
919471612384
919473945930
919474280777
919474706619
919479374625
919479650021
919481902935
919482589816
919487428563
919488690499
919488794827
919490503889
919490747555
919490935081
919491728719
919492057872
919492098621
919493819842
919493885259
919493906666
919494434809
919494768231
919494945022
919496333898
919496773112
919499103410
919500140622
919500319941
919500454819
919500520653
919500691126
919501483914
919501640408
919502029076
919502131666
919502321081
919502440072
919503084126
919503230041
919503476930
919503608323
919503952749
919505039398
919505299108
919505666056
919507373195
919507910961
919508197930
919508286369
919508633544
919508638524
919508688080
919508768780
919509410541
919509532540
919509791043
919510000190
919510504515
919510553538
919510711433
919511291303
919512044287
919512538220
919512548422
919513300335
919513855781
919514443360
919514772117
919515272329
919515287486
919515497959
919515584948
919515971886
919516599643
919517234383
919517343463
919518007326
919518034590
919518098370
919518396141
919519434890
919520225231
919520602335
919521014148
919521113123
919521133173
919521231846
919521285202
919521565982
919521718725
919521740679
919521839079
919522546308
919523161475
919524231407
919524297473
919525587552
919525662879
919526317484
919526394930
919526717365
919526861094
919527095485
919527200910
919527505525
919528353014
919528408776
919528596382
919528858807
919529073540
919529297675
919529349182
919529833248
919529959200
919531649943
919533360301
919533803018
919534552200
919535203436
919535346420
919535606254
919535851718
919535858482
919535878472
919536810134
919536886657
919537005715
919537124960
919537328269
919537508830
919538384292
919538998613
919539181229
919539737669
919539938757
919540017033
919540071752
919540087906
919540181982
919540341814
919540375875
919540614902
919541832369
919542140123
919542143817
919542393314
919542541484
919542889532
919543593823
919544187628
919544335084
919544371332
919545127367
919545454670
919546046364
919546062570
919546095706
919546677876
919547652196
919548190245
919548308027
919548322313
919548354273
919548793979
919549571777
919549882617
919550310723
919550760781
919550929423
919550986959
919551230638
919551637439
919552437818
919552526515
919552691732
919552702810
919553113045
919553203679
919553316415
919554311979
919554460154
919554604040
919555047171
919555082341
919555111765
919555112066
919555931401
919556028078
919556117089
919556247794
919556518075
919556700705
919556739907
919556779966
919556827407
919557116775
919557164182
919557180173
919557182698
919557532350
919558112401
919558422475
919558664648
919558707370
919558888373
919559376995
919560147770
919560513807
919560657811
919560869389
919560919029
919560934110
919561568789
919561660604
919561695533
919561779899
919561919261
919561956000
919562073989
919562431037
919562659904
919563282834
919564214348
919564307669
919564570994
919564792842
919565522205
919565536295
919566186499
919566239906
919566723758
919567339228
919567502992
919567516662
919567954767
919568538059
919568911410
919569272095
919569397277
919569903390
919570170949
919570286229
919571152309
919571153442
919571170236
919571209282
919571414373
919571659458
919571807484
919571936990
919572716231
919573056540
919573124867
919573132725
919573727165
919573885394
919573992647
919574343640
919574577404
919576031291
919576061892
919576069425
919576955746
919577668666
919578440238
919579122203
919579297434
919579928909
919580163788
919580706471
919580745928
919580826182
919581099863
919581668778
919582256731
919582339501
919582684271
919582766473
919582802105
919584358565
919584565278
919584616467
919585106510
919585192752
919586559404
919586935770
919587528887
919588095925
919588231020
919589244059
919589935280
919590959592
919591061730
919591188947
919591194180
919591377493
919591733777
919591878156
919591937671
919591984166
919592244769
919592276060
919592301122
919592593887
919595111313
919595914299
919596509232
919597438291
919598345979
919599060941
919599305168
919599450374
919599544145
919599926843
919600161708
919600262325
919600772266
919600831761
919600995886
919601140576
919601366365
919601871304
919601975044
919602413463
919602635077
919603188473
919603302867
919603513656
919604123677
919604395562
919604511828
919604677915
919605223713
919605498656
919605600052
919605697648
919606652498
919607739492
919608954533
919610426604
919610643845
919611275453
919611599909
919611628077
919611774955
919612624980
919616169559
919616953282
919617387856
919617466263
919618088855
919618100352
919618301471
919618324750
919618526690
919618557391
919618590437
919618632081
919618707046
919618927339
919619265540
919619336328
919619717723
919619859852
919620454564
919620707273
919620968727
919621135959
919621218824
919621241813
919621517092
919621955585
919621993045
919622403572
919623168859
919623747860
919624242221
919624403443
919624776246
919625582633
919625674665
919626120363
919626507652
919626507871
919626753661
919627187770
919627272272
919627969637
919628817443
919628881881
919629044049
919629382888
919629449558
919629909820
919630086256
919630193523
919630202815
919630213791
919630238045
919630859345
919630873263
919631775127
919631778505
919631778973
919631939297
919632359703
919632409076
919632942858
919633401604
919633441261
919633537202
919633583164
919633798791
919633975756
919634073701
919634125808
919634216587
919634494100
919634582620
919634979926
919635879305
919636049296
919636103717
919636331649
919637426836
919637996633
919638321553
919638390980
919638922444
919639158947
919639791803
919640162865
919640322139
919640862816
919640902596
919640994404
919641445774
919641659556
919641795988
919642450222
919642587678
919642740229
919643159675
919644518809
919646549029
919647944771
919649509584
919649793482
919649938586
919650135184
919650429969
919651111178
919651993986
919652131492
919652849978
919652858475
919652954062
919652983941
919653068445
919653132635
919653352204
919653630055
919654778229
919654838317
919655105101
919655117633
919655934683
919655941996
919657161752
919657329528
919657667396
919657980191
919659557123
919660049498
919660121314
919660280603
919660398586
919661255877
919662243591
919662356610
919662616073
919662921883
919663052626
919663242118
919663245945
919663473460
919663572874
919663853434
919664114404
919664157781
919664272726
919664351156
919664464707
919664467276
919664471932
919664564223
919664659697
919664732531
919664923694
919664926236
919665139843
919665579607
919665646809
919665652214
919665675516
919665877448
919666154046
919666426003
919666541051
919666550391
919666950642
919667070086
919667375493
919667783932
919667960090
919669692156
919669887668
919670342878
919670966682
919671005858
919672270872
919673203770
919673309718
919673403951
919673607511
919673945452
919674716697
919675067780
919675563310
919675800225
919676123536
919676165083
919676193333
919676320171
919677093414
919677103311
919677109888
919678101249
919679306010
919679344162
919679810472
919679813935
919679984993
919680001901
919680810466
919681140007
919681629727
919681857163
919682365306
919682695395
919685244504
919685417213
919686313600
919686714091
919686805464
919686828997
919687564997
919688844499
919689043309
919689074221
919689702385
919689771152
919690090723
919690324191
919690351242
919690640808
919691483926
919691581934
919691727810
919691897430
919691986470
919692228962
919694619363
919694758704
919694925689
919695226645
919695288302
919695736592
919696355187
919696631004
919696684397
919696774153
919699282208
919699991871
919700046494
919700148555
919700245222
919700349292
919700449737
919700587995
919700600816
919700714533
919700715710
919700873510
919702562556
919702814731
919702901667
919703291558
919703323595
919703373426
919703528724
919703979889
919704093476
919704572803
919704757673
919704901591
919705069611
919705224204
919705408970
919705499274
919705579350
919705943451
919705976060
919706032730
919706035734
919706461660
919707187961
919707793993
919707805636
919707950175
919707954012
919708585444
919708810098
919708956492
919709297050
919709332984
919709737350
919709783174
919709841038
919711617409
919711716786
919711921132
919712002520
919713091926
919713608950
919713913096
919713949529
919715634026
919715944130
919716234560
919717206958
919717371253
919717581143
919717887034
919718104109
919718228723
919718253681
919718368885
919718505010
919718691765
919718746675
919718782147
919719611798
919719807276
919720564658
919720577335
919720659419
919722149951
919722927095
919723640850
919723776473
919724118056
919724201573
919724228715
919724324275
919724518817
919724773405
919725090247
919725318145
919725671765
919725718397
919725822012
919726212229
919726763262
919726933156
919727124672
919727271784
919727284115
919727538789
919728013913
919728810710
919728863676
919729088083
919729101143
919729234172
919730160222
919730406379
919730789608
919731011430
919731710283
919732558538
919732674381
919732908304
919735337240
919736290110
919737137424
919737220043
919737458065
919737826634
919738030034
919738349931
919738936743
919739085055
919739343349
919739773350
919739923963
919740754631
919740890412
919740906587
919741114473
919741149202
919741242420
919741284600
919741288759
919741550229
919741594251
919741948670
919742234495
919742293284
919742455549
919742629896
919742729081
919742939717
919743319564
919743514550
919743646799
919744302330
919744333784
919744463868
919744615559
919744728789
919745171979
919745604927
919745823723
919746287374
919747146331
919747553170
919747708017
919747728343
919747861809
919747970145
919748187503
919748959597
919749281441
919749477106
919749516564
919749590393
919751009311
919751124251
919751766672
919751952058
919753055980
919753559088
919754189931
919754613003
919754904845
919755782303
919755797745
919756625655
919758022481
919758233529
919758436209
919758702841
919758737604
919759002682
919759031963
919759285749
919760201734
919760240812
919760338640
919760495176
919760801050
919760854537
919760876587
919761191430
919761220556
919761387094
919761915455
919762089135
919762667829
919762825835
919763148687
919763399697
919763627500
919763664343
919763750110
919764319420
919764425249
919764636521
919765031485
919765067645
919765274120
919765450075
919765848468
919766136184
919766218054
919766227443
919766309610
919766400551
919766838385
919766879210
919767606794
919769659666
919770129813
919770368310
919770727194
919770991816
919771240937
919771340820
919771406028
919772233875
919772407625
919772414453
919772462156
919772539927
919773482621
919773513658
919773558364
919773972959
919775907339
919775911484
919775990259
919776311356
919776371939
919776466231
919777121192
919777255782
919779064436
919779412335
919779412833
919779457126
919779939961
919780238473
919781260076
919781933289
919782504513
919782934937
919783000561
919783849177
919783890228
919784356264
919784545719
919784790589
919785246625
919785272465
919785308267
919785974897
919786192448
919786397016
919786872941
919787373070
919788232129
919788289209
919788665062
919789324865
919789696371
919789835556
919790035712
919790259987
919790331623
919790402712
919790498365
919790578266
919790625886
919790678647
919790698374
919790924285
919790984832
919791101047
919791237423
919791661280
919793370022
919793613908
919794239305
919794274311
919794634510
919798088315
919798216235
919799124735
919799166301
919800030066
919800444435
919800647757
919800915990
919802370005
919803425220
919803530772
919804130089
919804976652
919805646260
919806235779
919806908673
919807623577
919808265100
919810022412
919810033400
919810787354
919810849902
919811106152
919811172952
919811702200
919812080505
919812674145
919812858777
919813099897
919813674085
919813983607
919814206489
919815083219
919815193187
919815414040
919815654854
919815771116
919816099667
919816170702
919816867668
919816974473
919817029859
919818112123
919818137202
919818192111
919818292381
919818903143
919819033854
919819178091
919819554613
919819607345
919819610012
919819873629
919820063919
919820669935
919820696083
919821220385
919821255235
919821277333
919821482830
919822211698
919822812094
919822917573
919822939191
919823232152
919823430778
919823467979
919824027831
919824036730
919824082814
919824222182
919824579435
919824972941
919825118413
919825189748
919825470042
919825519854
919825567970
919825875846
919826060095
919826575870
919826962544
919827063924
919827493239
919828031315
919828130997
919828532364
919828766434
919828984706
919829154280
919829281309
919829610901
919829773261
919829920327
919829953453
919830309200
919830376316
919831383359
919831682851
919832205053
919832470531
919833087755
919833208962
919833233079
919833282954
919833438386
919833828399
919833844648
919833938280
919834019739
919834126870
919834155225
919834344897
919836122664
919836540102
919836569351
919837015216
919838581889
919838907046
919839710421
919840157409
919840219790
919840691225
919840953529
919841035734
919841429839
919841738775
919842385238
919842414039
919843437414
919843455176
919843905999
919843959637
919844136887
919844182473
919844539838
919845081899
919845431547
919845497692
919846037812
919846782007
919847136212
919847288063
919847512227
919847573352
919847783435
919848238026
919848245015
919848308598
919848331141
919848393441
919848498158
919848506859
919848878543
919848883413
919848977449
919848981929
919849007980
919849076355
919849292974
919849312737
919849478997
919849551419
919849582906
919849610021
919849928316
919850064902
919850197776
919850696167
919851702514
919851821071
919852170219
919852718030
919854899933
919855124366
919855335756
919855844315
919855880594
919856071270
919860142912
919860234893
919860522384
919860869251
919860896612
919860993249
919861015098
919861310307
919861616190
919861905098
919864076457
919864092119
919864134251
919864332661
919865204176
919866017335
919866389249
919866441428
919866566956
919866681054
919866969615
919867061439
919867074960
919867108554
919867183110
919867475949
919869123942
919869542619
919870005530
919870038907
919870215024
919870272996
919870485620
919870583992
919870607518
919870919649
919871362001
919871866201
919872254915
919872864354
919873071681
919873239000
919873635726
919873774032
919873822426
919873961726
919873997850
919874054484
919874245854
919874591819
919875309446
919876024547
919876757058
919876776797
919876947810
919877161844
919877672910
919877798659
919877871175
919877991129
919878378208
919878646319
919878689650
919879084538
919879157285
919879185958
919879667818
919880122604
919880125999
919880170700
919880213140
919880227029
919880306390
919880470048
919880907160
919880983908
919881319167
919881497883
919881566007
919881682054
919881709858
919881810200
919882993055
919883036847
919883321512
919883424193
919883895015
919884599880
919884618267
919884707780
919884955585
919885018576
919885116364
919885130055
919885293667
919885610292
919885851047
919886199243
919886242699
919886254245
919886336028
919886399691
919886400666
919886536655
919886579731
919886585618
919886772252
919886869238
919887038271
919887245029
919887690153
919889014666
919889383849
919889901779
919890228580
919890803838
919890915626
919891140496
919891267973
919891435294
919891641853
919891650822
919891946305
919892202910
919892210003
919892669846
919892706087
919892707559
919892760561
919892985582
919893008814
919893371421
919893569601
919893807943
919893818941
919893827887
919893941941
919894017768
919894027046
919894043038
919894116774
919894133484
919894323296
919894406576
919894407560
919894481998
919895044389
919895648382
919896395674
919896437415
919896551553
919896712332
919897005296
919897482946
919897596426
919898072190
919898151818
919898271080
919898399787
919898502481
919898685879
919898794505
919898954797
919899609217
919899694469
919899838932
919899916787
919900023201
919900288750
919900512542
919901103445
919901201131
919901271456
919901294836
919901303791
919901800513
919902619408
919902739104
919902749508
919903150086
919903197418
919903334063
919903626418
919904044941
919904119840
919904311921
919904488243
919904673791
919904706950
919905032756
919905120536
919905666927
919905962503
919906244650
919906674455
919907426466
919907796405
919908051822
919908200114
919908469394
919908471520
919908644736
919909479873
919909558380
919909623823
919909736570
919910028494
919910159813
919910197576
919910493110
919910509292
919910946550
919911096390
919911340681
919911424795
919911459813
919911902903
919912055066
919912095675
919912558657
919912567040
919913014178
919913028207
919913113453
919913584611
919913797448
919913995295
919914075363
919914423979
919914485223
919914576029
919915043492
919915875428
919916046964
919916099930
919916651518
919916775690
919916964335
919917557377
919917735940
919917945998
919918130600
919918357741
919918551536
919918682536
919918713718
919919182972
919920729843
919920809015
919920947824
919921059109
919921339661
919921470882
919921926802
919921948440
919922554698
919922798919
919922802857
919923115864
919923577436
919923702029
919923843461
919923915169
919923992604
919924493330
919924543353
919924857213
919924867664
919925023052
919925136613
919925310549
919925430049
919925690439
919925748222
919926027750
919927121239
919927502623
919928041856
919928120954
919928148476
919928602574
919928842415
919928849595
919929188241
919929362944
919929459268
919929876964
919929967469
919930059258
919930213687
919930381481
919930627483
919930739497
919931017756
919931500886
919931969800
919932199958
919932314487
919932493029
919932628699
919932872693
919933737724
919933839604
919934006127
919934162126
919934483804
919935016771
919935196321
919935982941
919936135842
919936789843
919936900113
919938344718
919938978080
919939191744
919940071201
919940229496
919941045768
919942286032
919942828287
919942852594
919943096280
919943189345
919943280428
919943479386
919943700348
919943723732
919943909342
919944015710
919944600436
919944735110
919944836936
919945002921
919945103997
919945368984
919945483694
919945865794
919945874182
919945896966
919946061913
919947240688
919947408626
919947719018
919948691396
919948896349
919949039455
919949210525
919949253462
919949770776
919949790070
919949971841
919950460252
919950688534
919951314691
919951749962
919951842094
919951987815
919952134090
919952244260
919952275132
919952515113
919952666424
919952767877
919952971484
919953149463
919953151851
919953518437
919953537334
919953685875
919954167825
919955339433
919956339577
919956712347
919957036272
919957273714
919957891158
919957897351
919958024882
919958050213
919958163095
919958281237
919958382821
919958432497
919958484901
919958809535
919959036742
919959436055
919959443280
919959444573
919959570215
919959889373
919959974209
919960388869
919960771194
919960816162
919961740135
919962158690
919962606092
919963036247
919963290110
919963627798
919963753019
919963768088
919964375383
919964382143
919964389956
919964752098
919964840007
919966098312
919966450119
919966591946
919966664823
919966708281
919967247846
919967283371
919967418998
919970351838
919970558716
919970726698
919970902336
919970971004
919971028832
919971751603
919971775011
919972012423
919972268064
919972573061
919972726178
919972737571
919972955514
919972962614
919974012200
919974175591
919974555029
919974986661
919975145651
919975466795
919975843536
919976585163
919976841218
919977320231
919977785052
919977796086
919977871769
919977919108
919977997499
919978007935
919978145526
919979142608
919979528897
919979607150
919979723294
919979953084
919980239351
919980679919
919980705358
919980832947
919980858194
919980869691
919980984271
919982193890
919982287377
919982357777
919982619276
919982771133
919982817272
919982848962
919982894474
919983170494
919984868217
919985048049
919985204604
919985459567
919985668834
919986283604
919986356741
919986510286
919986511761
919986522874
919986567041
919986626620
919986691280
919986852683
919987019805
919987845153
919988155441
919988264348
919988282012
919988516740
919988831032
919988834799
919989267486
919989307526
919989474316
919989734017
919989776614
919989913331
919989939104
919989969527
919989974943
919989977343
919990466370
919990525769
919990797105
919990940447
919990963695
919991278704
919991290706
919991318079
919991533112
919991921764
919991998989
919992049499
919992487115
919992523432
919992807606
919993485359
919993488270
919993985164
919994762910
919995029898
919995450773
919995708869
919996216923
919996401109
919996528058
919996585237
919996615873
919996862204
919996869439
919997171196
919997207182
919997314390
919997421386
919997884388
919999061084
919999372400
919999405789
919999646054
919999675463
919999958342