916002367481
916006841370
916009435651
916201659446
916203580003
916205887331
916206506862
916232276973
916239020255
916239185054
916262901915
916265106489
916265308395
916265338630
916265422499
916265472296
916267072199
916268627794
916280545430
916281884980
916294536813
916295963193
916296367672
916297895744
916299107318
916299691436
916305538060
916307074194
916350682559
916352278136
916353128637
916353236408
916353544737
916354098029
916354890612
916355037417
916355648732
916359652556
916370994566
916375755174
916376539130
916376597113
916377580754
916378163801
916378231799
916379191158
916381386980
916382736181
916383328269
916385267243
916385517489
916387785724
916387951667
916388404798
916388416015
916388497049
916393013199
916393219005
916393935736
916394200356
916396282097
916397100658
916399027560
916900502221
916900600416
916900874008
917000718340
917002287996
917003070144
917003340919
917006009090
917006731607
917007030283
917011266506
917015838473
917016298036
917016328973
917016446224
917017068887
917017111564
917017514628
917017536908
917017613981
917018619165
917020113923
917027577732
917030595156
917030885809
917031454000
917033526464
917034155687
917034460329
917036058030
917036321502
917041088549
917042988481
917043730672
917047094396
917050062155
917057323337
917057615572
917057852190
917063199699
917066305757
917067875299
917069822911
917073157991
917077221651
917078257583
917078899988
917082513948
917083052570
917086330405
917086675620
917087536136
917088078408
917088929722
917099732403
917200082115
917204709546
917240891323
917285808427
917286879757
917290840497
917292930105
917294079276
917294915957
917304041818
917306074946
917307307823
917310653217
917310693682
917318296758
917338955329
917340034751
917349416758
917350977429
917351909068
917352032705
917353638322
917355180945
917356709571
917358209306
917358329711
917358559293
917359767262
917376473480
917379493197
917382184284
917383850356
917397268185
917400445810
917400974625
917406563340
917407178177
917409256078
917409469231
917411987896
917417294800
917426000780
917426939464
917434866225
917467050322
917477290493
917483449294
917488212577
917488729308
917489953335
917496008104
917499263446
917505461228
917505600525
917506831159
917518952320
917524929462
917530945175
917539998379
917558172732
917559212051
917565999985
917566532918
917568137696
917569248480
917569639887
917575893278
917579638913
917598873749
917610770595
917620098241
917622953255
917644919635
917652088483
917652857886
917666944977
917667258262
917668461428
917674828605
917676122955
917676688387
917676709009
917678183826
917690002211
917690891473
917697518948
917710835431
917715879928
917718381819
917719942216
917726801820
917727071267
917729967025
917730031366
917738139987
917738441127
917742801965
917745805338
917750817382
917760220284
917771834386
917772056630
917773021077
917794993116
917796793686
917798057631
917798298626
917799221806
917799667999
917814432902
917815054543
917820879396
917820953616
917826811127
917827195243
917827873536
917828328525
917836905083
917837215987
917842887713
917845606723
917860621032
917876665966
917877381312
917878505623
917878967765
917880257451
917889046269
917889967653
917892225346
917892522372
917893211305
917902478804
917903332564
917905004675
917905360995
917906799761
917972543813
917973518790
917974530607
917981203222
917983830061
917985917899
917986076696
917986901679
917988214142
917992454802
917993041442
917996611289
917997731285
917999158134
917999195001
917999809885
918000004210
918002328697
918002583820
918003068441
918007081542
918010661958
918011169215
918015241161
918053320413
918053426642
918055554313
918056117193
918057637735
918059974640
918072654651
918073027439
918073247765
918075152301
918076220535
918076779010
918077801018
918080120010
918080683966
918081448859
918082170157
918082441664
918084927719
918085007813
918085128594
918086185364
918086532777
918088405006
918094952437
918098547714
918101261846
918102838570
918103009066
918103463615
918103588721
918104719321
918104975419
918105292709
918107671405
918112294304
918114326721
918120093478
918120490662
918122455784
918125819131
918126377494
918127475795
918128150489
918128563981
918128866512
918132966495
918141313790
918143444569
918144455554
918148651906
918152041341
918160596955
918169902358
918171126376
918197796622
918199861102
918208087724
918209864614
918210680536
918217842184
918227950412
918237030374
918238778141
918239195231
918247566693
918248994225
918252586353
918263828833
918273115176
918273410531
918275271737
918281157515
918287565653
918288942366
918290391487
918291485140
918293627737
918294980649
918296944112
918302294440
918308258057
918309110804
918309648517
918310267879
918310399460
918318136024
918318805489
918328049198
918328523602
918340391003
918340393736
918342876271
918347972258
918369085521
918369701276
918385843767
918386876438
918391982297
918401060949
918401730360
918412066263
918427815658
918429226986
918431746672
918433221591
918441874270
918441895395
918445145437
918457975849
918462882656
918463954265
918465083925
918469086293
918469218788
918473804208
918486922841
918487055062
918497083659
918497801979
918500590080
918509687930
918515020680
918519961200
918520086152
918525093682
918527462178
918527848600
918534072105
918555014859
918566932862
918570037343
918570981552
918572091513
918586023334
918586866465
918591015086
918600150114
918605809586
918606079551
918606603271
918608605727
918608989739
918610678926
918610868018
918617634984
918618541717
918623062814
918624002150
918624091185
918630001567
918630443304
918637002061
918638232362
918638939273
918639898815
918651757151
918657301405
918658122209
918658723641
918660273865
918667312800
918668586208
918669580910
918682821502
918683090570
918685878383
918686682713
918696981860
918698631008
918700318264
918709527496
918719838088
918744800477
918765625944
918767991367
918768478373
918769318576
918769840886
918770689109
918770823642
918777462220
918779643527
918780230920
918788006674
918788209128
918801283031
918806190947
918806713583
918806848196
918806962747
918813032919
918817730187
918826106725
918827545558
918827731555
918828912546
918830638830
918838762956
918839940171
918850376284
918853087262
918861344524
918861897771
918871905551
918878040031
918880037371
918885388674
918886734479
918888984755
918896545730
918904460126
918910569010
918918959928
918919953074
918920684747
918923152296
918923497033
918927016021
918928526004
918928758272
918935879104
918938933012
918939621386
918943846010
918948684255
918950946535
918951016611
918953641966
918955226937
918957776517
918959495198
918963037805
918965821012
918967281983
918970142183
918970973890
918972092020
918974086622
918977111665
918978760657
918999547422
919004578996
919008895524
919008975754
919009615829
919012561402
919016148142
919019243622
919019542784
919022854858
919023590164
919025644789
919026696564
919028412827
919028710550
919029552646
919032020995
919033397111
919033498285
919035149334
919036299780
919040067580
919041063638
919042625824
919042887873
919044818488
919049678647
919053116517
919054028906
919057722293
919058444987
919059636827
919062915410
919063257850
919064983893
919066775595
919068657778
919070900092
919072352281
919074792503
919075208328
919076952857
919079847395
919080109028
919080942497
919083584543
919092704250
919096873736
919099922484
919100944007
919108066392
919112722941
919120162335
919120316784
919122552497
919128101225
919131120538
919131147032
919131665611
919136378080
919136908432
919137111603
919138324144
919141127308
919141136120
919149241652
919155745704
919156851947
919161445741
919161969001
919163039111
919163216636
919166467481
919169700100
919172337321
919172381806
919173086670
919174430311
919176293895
919182469414
919199561483
919201589378
919204936796
919211008620
919219221286
919219795445
919222775407
919226745079
919227022760
919239151325
919253123250
919263040367
919277355291
919279719722
919284191361
919284340833
919284790124
919284946128
919301078738
919304536042
919306980561
919310049716
919313072609
919313473298
919313747180
919314606022
919315449962
919316446091
919317412023
919318855557
919319776737
919322378140
919322430469
919322733544
919324779346
919327044421
919330292001
919330941195
919331833814
919335880548
919341936691
919344674683
919346270410
919350900844
919351075598
919351605629
919352125364
919353393046
919353772957
919359527871
919360331319
919363908231
919365222594
919369451974
919370291496
919370691080
919372761409
919374161005
919380114258
919380690992
919380956226
919381238412
919381676813
919381972142
919382149272
919384425157
919399315918
919411006580
919411250622
919411419099
919411993302
919412529650
919412840403
919413572087
919418979689
919423406675
919424777907
919426869750
919426898009
919429868925
919434558955
919435141179
919442638242
919458841108
919461724604
919468738069
919472866250
919473304124
919474795019
919479375493
919480900294
919483630157
919485954435
919486026639
919490558009
919493113774
919494614304
919494950758
919501089674
919501317857
919502323280
919509674797
919510281545
919510512804
919515214956
919515458167
919515756856
919518801628
919518852394
919520401760
919523333167
919529452390
919530428284
919534656276
919537580801
919537988609
919538228774
919539695649
919541658212
919541736909
919543917775
919546070228
919548029410
919548401562
919549708102
919549789028
919550033986
919550934912
919551016830
919552469534
919554394112
919555805762
919556466999
919557514601
919557729914
919559567970
919560123520
919560206730
919562075525
919566817846
919572463012
919572844539
919573490144
919574914323
919574999092
919582157541
919582225601
919584679364
919588453364
919593984998
919595394943
919596307053
919599165241
919600036646
919600310400
919601665114
919601702137
919602000990
919602061178
919603209562
919604381787
919605291152
919608150024
919614876784
919620495758
919625572655
919626760046
919630921273
919632114670
919632330452
919633484244
919638085915
919650059696
919650575617
919652036307
919652910503
919653703032
919654233974
919655627847
919656636654
919660102723
919660301450
919662016868
919662886221
919664372140
919664625746
919665817921
919666510172
919667213790
919667263628
919667404625
919668487598
919669407860
919669927770
919674118041
919676499482
919676872279
919676939723
919680178481
919685228539
919685914241
919686987615
919687742584
919687827089
919689941310
919691781501
919694990398
919695157055
919696768708
919700355104
919700442336
919701858208
919702857834
919704059892
919705275560
919711315924
919711391797
919712231081
919712617844
919714774391
919717206682
919719711682
919720548840
919722366868
919728666148
919731330844
919731997748
919732928033
919733088092
919734580267
919738360537
919739196257
919739615902
919741457253
919741711777
919742467873
919742558706
919746407753
919751999759
919753914392
919754581915
919755260481
919760717647
919760995135
919767993015
919769163584
919769364507
919769419745
919770864237
919771015015
919771419061
919772136830
919773179269
919773736535
919775523840
919779920034
919784856885
919784974616
919785595726
919785880664
919790275066
919790545874
919791159665
919791327471
919795292894
919799491708
919799597459
919799601852
919799864783
919800959602
919803311212
919805298479
919806048141
919806548955
919810201673
919812800493
919813435208
919814963003
919815402259
919818635005
919818719002
919819080767
919823068845
919825336329
919825461898
919825586706
919825911589
919830040083
919830975394
919831386262
919832378050
919835225747
919835278847
919836510510
919836557320
919837308184
919837319081
919842245686
919844114684
919848028511
919848646298
919849992938
919850119501
919860719947
919863360293
919866348611
919867339539
919870633030
919871659647
919872721092
919873347475
919875685419
919877033173
919877389190
919877687710
919878484985
919879564378
919880909057
919881661106
919882930088
919884624127
919886404206
919886897256
919887248775
919887463076
919888435762
919890507739
919891361214
919893164233
919895281343
919895412965
919895989406
919897441637
919899995977
919900490025
919900580376
919902464218
919902478317
919903240163
919904965454
919905537713
919906150939
919908110884
919909749058
919910707646
919910834937
919911157986
919911457545
919911746087
919914300063
919915581434
919917884017
919918280152
919919053800
919920294959
919920386849
919922683975
919922842039
919923353369
919923823700
919929858917
919930343951
919937655939
919939411265
919940246798
919943024566
919944012772
919944063458
919945849877
919946732226
919947215470
919948298743
919949870615
919953815060
919955767818
919956085804
919959069571
919959575559
919959696059
919959878089
919961020959
919962017876
919962302242
919962997736
919965375929
919965699553
919965761600
919967464881
919967800190
919971992047
919974250053
919974703976
919975692384
919975781126
919975799129
919981177327
919981700171
919982654022
919983063560
919983550377
919985495474
919987477421
919989521332
919990377567
919992081559
919993444622
919995191728
919997110232
919997714086
919998631480
919999240286